0,0,小辫儿🔥歌手,2022,181,596,111,1,1595,1,早上8开始直播，晚上8点开始直播，加油＾０＾~
1,0,那年不孤单,184000,3133,9359,163,1,19000,1,承蒙厚爱🙏😘每晚九点不见不散
2,0,仔哥（互补大队）,1042000,1521,243000,304,1,488,1,感谢抖音官方提供平台！
3,0,87年的小细姐在邵阳,15000,356,1623,92,1,1540,1,传播美传递爱❤️微信同号Qcrlfff
4,0,佳宏姐,21000,2802,3731,209,1,40000,1,先定一个能达到的小目标，比方说来句签名
5,0,青衫落拓,4317,3733,1693,126,1,11000,1,忘情的世界曾刻画着我的名字，你的身影…
6,0,我家好物,2119,918,451,63,1,1292,1,关注我有好事哦😘每天更新推荐便宜的自家好物，让大家买的省钱用的放心👏73e
7,0,骆哥,7604,2919,3063,82,1,11000,1,LUOKeLIN，6666
8,0,平安_2298040,1809,4705,2028,13,1,4861,1,本人啥子都不会就会吹牛逼
9,0,佳佳菜,2805,2473,2476,191,1,2242,1,爱笑的女人和勤奋的男人，一般运气都不差
10,0,奋斗中的波波,1457,2803,2235,26,1,976,1,来自农村的小丫头没有伞的孩子只有努力奔跑！不想靠老公和父母，只有靠自己拼命努力改变生活！加油✊✊
11,0,Achendeying,1854,2419,2331,71,1,11000,1,先定一个能达到的小目标，比方说来句签名
12,0,杨菇凉🍀,445,971,195,51,1,18000,1,先定一个能达到的小目标，比方说来句签名
13,0,龙家大院,3858,2067,2715,57,1,3936,1,龙家大院自娱自乐，喜欢的朋友给个双击+关注，每天都会有作品更新，每天都会直播，谢谢老铁们
14,0,【浩浩荡荡】,207,2677,1150,4,1,2779,1,水金年华浩然康健!
15,0,7号童品,681,862,617,51,1,1448,1,地址：永航大上海二楼7号童品❤15560094999
16,0,济南市章丘区高宇商店,1356,1,54,4,1,237,1,🐯🐯薇❤️12187040
17,0,安安宝贝,70,48,20,25,1,389,1,宝贝健康成长
18,0,汝爱卿,306,112,437,16,1,423,1,伤一颗心很快只需要一瞬间，暖一颗心很漫长却要一辈子，永远都不要轻易去伤害爱你的人，因为你会发现自己会伤不起
19,0,心形雨滴,369,1949,312,31,1,5349,1,别忘了你的初心
20,0,兰儿,1326,680,208,120,1,8196,1,先定一个能达到的小目标，比方说来句签名
21,0,自信的妞！,1008,497,727,46,1,25000,1,2020山西网红年度盛典山西网红经济产业论坛将为你开启崭新的2020年！入场票～私信！
22,0,葉子🍃,5865,1767,1518,102,1,7550,1,人生最美的风景；就是你在，我在，温暖常在！美好的心情，笑口常开，天天快乐！
23,0,羞羞休,515,1561,1584,10,1,700,1,从此以后好好生活慢慢遇见...................
24,0,云烟,984,1077,1170,103,1,312,1,先定一个能达到的小目标，比方说来句签名
25,0,落地成霜,1,321,47,0,1,172,1,先定一个能达到的小目标，比方说来句签名
26,0,暖心人💓,1867,1613,1501,17,1,2732,1,一无所知的世界、走下去才有惊喜
27,0,不服输的倔丫头,14000,4841,4763,24,1,7727,1,如果没有人为你遮风挡雨，那就学会自己披荆斩棘，面对一切，用倔强的骄傲，活出无人能及的精彩！
28,0,小四妹妈妈,2584,1036,558,113,1,8269,1,每天努力一点点，会有意外收获吗？努力活成自己喜欢的样子吧😄！加油所有！
29,0,祝英台148,2884,2008,1790,519,1,862,1,先定一个能达到的小目标，比方说来句签名
30,0,🎼萌萌的涵几🎼,959,531,97,104,1,6049,1,📀蹦哒📀
31,0,从零开始,1208,1789,1462,42,1,129,1,人这一辈子看开心，看淡点，看透心。
32,0,张一一,5442,2230,1932,215,1,2513,1,认真对待每一天
33,0,吃货日记,181,2189,1055,11,1,396,1,做吃货挺好的，吃着吃着什么都忘记了
34,0,暗号陳,242,437,464,2,1,591,1,V❤️US2805我爱抖音感谢抖音平台每晚8点直播白天不定时播
35,0,🌸艳🌸,3878,1925,1823,11,1,11000,1,有关有赞必回 我就是我，我就是夜空中那不一样的烟火
36,0,鱼小仙,1936,669,300,124,1,1025,1,不断努力看到明天的朝阳
37,0,云姐,3939,316,624,60,1,7531,1,认识那么久了，终于等到你，请坐……
38,0,芍乙,7592,3116,3111,289,1,14000,1,拒绝私聊
39,0,莹 莹,76,161,47,21,1,2072,1,有些累
40,0,啊亮,417,17,1169,5,1,6,1,先定一个能达到的小目标，比方说来句签名
41,0,烁宇,5932,525,1208,78,1,2262,1,结局必然美好，如若不是那就还不是结局！
42,0,春泥,68,128,101,17,1,449,1,有关必回，
43,0,李善钦,52,603,266,2,1,780,1,每天进步一点点，让生活变的更加精彩！
44,0,小姐姐,363,635,359,11,1,1159,1,一个爱吃肉，爱睡觉的宝宝
45,0,荣媚儿,17000,1362,1683,128,1,26000,1,💦💦终有一天你会静下心来像个局外人一样💦💦💦看自己的故事，笑着摇摇头。
46,0,静～心,39000,1537,3116,48,1,2996,1,做一个最真实的自己！感谢抖音平台！感谢大家的承蒙厚爱！谢谢你们的关注➕❤️
47,0,原来,2196,389,177,78,1,2912,1,越努力越幸运，棚you圈+LNA0214
48,0,HTT,16000,1919,1696,166,1,17000,1,你好👌阳光
49,0,江南hu,1729,2546,2546,21,1,3568,1,先定一个能达到的小目标，比方说来句签名
50,0,小沐沐,14000,335,624,36,1,596,1,💐💐👄👄🍀🍀
51,0,长治🔥修脚哥,19000,3422,4070,47,1,14000,1,长治东大街民政局旁边，刘氏育脚堂，修脚足疗
52,0,拥抱清晨,16000,2815,1808,119,1,6658,1,为一朵花低眉为一朵云驻足为一滴雨感动
53,0,莆田五福茶业店,908,346,408,91,1,854,1,做茶十五年 诚心经营  分享茶知识 分享生活点滴感谢点赞 感谢关注♥  VX:13959522002
54,0,你的专属美容院,308,1069,823,17,1,334,1,美rong美妆护肤苹果干细胞冻龄神器……准备上架vx  18664293892
55,0,梁光,1533,1845,585,45,1,7604,1,一生平淡点，，，，，？？？
56,0,秦岭印象,716,4521,2414,10,1,1094,1,喜欢烟酒茶玉的朋友请关注我，喜欢便送你哦……
57,0,逆天♛坏坏~♥朋朋,4115,2374,1231,1239,1,1545,1,伤害我的人，请你给我记住。我不会记恨，也不会报复。我只想安安静静的生活。你若有良心。便会道歉。你若有悔意就会内疚。我不怪你。也不恨你，骗过我的人。请你记住。信任只有一次。丢了不会再有。你能骗到我是因为我简单。我把你当成最爱的人。你却把我最傻的笨蛋。我不怪你。也不恨你。只是以后再也不会任你嘲笑我的人。请你记住。没有谁可以一帆风顺。世事无常。难以预料。谁也不知道哪天风水轮流转谁栽了跟头，谁走好运？
58,0,卿卿,471,2147,1145,33,1,1186,1,让内心充满美好，充满力量
59,0,小雪阿,383,354,140,45,1,160,1,vx  txx19981230
60,0,美恩小姐姐,2903,1342,1460,54,1,971,1,小名：四月一个大眼睛卷头发的小姐姐
61,0,风一样ॐ,876,323,184,90,1,1178,1,听从内心的声音，做自己喜欢的事～
62,0,小野马,674,953,673,12,1,3915,1,先定一个能达到的小目标，比方说来句签名
63,0,蕊蕊,27000,4995,4035,467,1,2765,1,微信提示：。关注就送小礼物🌹。一个月的面膜我包了😄每一份遇见都是最好的安排😆🎁
64,0,🍀小妹纸💋,5418,916,1149,79,1,31000,1,感谢每个关注的朋友。希望大家都开心快乐。
65,0,小小梅儿,4060,725,368,89,1,5209,1,谢谢关注，我在这里薇👉269411750
66,0,小宝贝,1764,632,441,28,1,4154,1,胖友圈  a1195396637
67,0,南昌爱丁堡实业有限公司,23000,3162,8967,32,1,18000,1,江西爱登堡男装
68,0,已重置,0,803,168,0,1,688,1,先定一个能达到的小目标，比方说来句签名
69,0,💥☄🥂【林】,17,91,76,4,1,109,1,先定一个能达到的小目标，比方说来句签名
70,0,已重置,4892,633,974,0,1,464,1,先定一个能达到的小目标，比方说来句签名
71,0,已重置,16000,0,0,0,1,3925,1,先定一个能达到的小目标，比方说来句签名
72,0,书单列表,5,222,107,1,1,0,1,认真做抖音，认真爱生活。
73,0,陌路,601,461,331,53,1,354,1,抖音寻友若为真，我愿剃度沦为僧
74,0,冷℃忧伤@互补,725,2262,2600,44,1,100,1,友情再深，缘分尽了，就成陌路
75,0,我叫MT,0,33,19,0,1,211,1,先定一个能达到的小目标，比方说来句签名
76,0,童宝嘛嘛,265,207,66,34,1,2155,1,先定一个能达到的小目标，比方说来句签名
77,0,小鱼儿🐠,500,73,145,90,1,1974,1,热爱抖音者 VX：L1441191940
78,0,Say forget is a lie,2012,2205,2193,15,1,332,1,尝过人生百味、方知人间冷暖
79,0,大唐皮卡⑥不倒,6641,593,1489,24,1,1831,1,20:00    22:00每周，周五  周六  周日  大唐不夜城有皮卡晨的表演噢
80,0,蝶兒,924,471,166,97,1,2339,1,²º¹9♥️⋅何以解忧，唯有暴吃 ◡̈
81,0,家有两个小仙女,17000,3119,3468,528,1,8204,1,🙋93年宝妈.有两个可爱的小公主👸👨👩👧👧记录她们的成长过程，不想错过一点一滴🤗👨👩👧👧感谢各位大哥大姐对我们的关注❤️
82,0,阿利,2609,1259,1507,25,1,1663,1,青春一经典当即永不再赎
83,0,Hs梦兮,16000,368,1712,97,1,35000,1,感谢关注
84,0,瓶子（互）,6297,3087,3557,84,1,8635,1,我还在那里，你在我心里…必回关回赞
85,0,花雨薇,2225,1979,1974,19,1,143,1,先定一个能达到的小目标，比方说来句签名
86,0,安琪,2005,1157,1625,25,1,187,1,抖音只是记录生活，无聊拍个段子，谢谢你们这么优秀还关注我
87,0,哥只是个传说,29000,3068,5273,139,1,18000,1,先定一个能达到的小目标，比方说来句签名
88,0,小雄,2821,3806,2184,123,1,6310,1,抖抖记录美好生活
89,0,＾3＾哥,26,211,53,3,1,2672,1,先定一个能达到的小目标，比方说来句签名
90,0,吖吖,981,3741,2801,51,1,167,1,V     y18103750335
91,0,歌在飞,7,109,6,2,1,85,1,先定一个能达到的小目标，比方说来句签名
92,0,抖剪辑,3062,3787,2367,6,1,12000,1,感谢有你们的关注！
93,0,凌晨两点半（影视剪辑）,383,1009,1006,5,1,768,1,先定一个能达到的小目标，比方说来句签名
94,0,温.馨化妆团队,1250,765,268,353,1,2791,1,爱猫的化妆师
95,0,榴莲十五一斤,59,417,394,12,1,22,1,新鲜水果每天吃，幸福每一天
96,0,妃夕妍雪,2213,643,637,76,1,1286,1,微信号18833465543.
97,0,慕灵,2015,107,387,52,1,2334,1,最坏最难熬的时光，你陪我走过，我欢呼的时候你默默的微笑。
