0,0,自强不息,0,290,31,0,1,331,1,先定一个能达到的小目标，比方说来句签名
1,0,♛,9,144,15,24,1,10,1,先定一个能达到的小目标，比方说来句签名
2,0,优秀的坏男人,1189,67,197,30,1,70000,1,尽人事，听天命。
3,0,走来走去,72,195,37,18,1,364,1,先定一个能达到的小目标，比方说来句签名
4,0,用户2963329351304,0,317,10,0,1,44,1,先定一个能达到的小目标，比方说来句签名
5,0,周天混元太极拳创始人--赵昱_,113,209,84,24,1,223,1,太极拳源于道家，取之于生活。太极拳以小力克大力，无处不杠杆。
6,0,車。,8,5,9,2,1,168,1,先定一个能达到的小目标，比方说来句签名
7,0,张磊,0,78,95,0,1,538,1,先定一个能达到的小目标，比方说来句签名
8,0,大锤儿,78,92,68,5,1,7605,1,先定一个能达到的小目标，比方说来句签名
9,0,寻找未来,4,8,17,1,1,177,1,先定一个能达到的小目标，比方说来句签名
10,0,Jansson,0,87,6,0,1,112,1,先定一个能达到的小目标，比方说来句签名
11,0,劉 帥^ - ^,118000,1355,5230,66,1,21000,1,大家好！没有做不到，只有想不到
12,0,GTFO,113,246,28,33,1,241,1,普通小孩
13,0,解夏安居,0,159,30,0,1,857,1,沉默是金
14,0,葵葵,9,713,31,2,1,2710,1,先定一个能达到的小目标，比方说来句签名
15,0,小伙骚气吗,21,66,33,4,1,224,1,先定一个能达到的小目标，比方说来句签名
16,0,用户3793576420645,0,15,0,0,1,0,1,先定一个能达到的小目标，比方说来句签名
17,0,用户9536643302243,0,5001,12,4,1,112,1,鼎泰丰聊易斋
18,0,我爱我家(zyx),68,948,123,5,1,918,1,先定一个能达到的小目标，比方说来句签名
19,0,渣渣健,917,132,125,9,1,514,1,剪辑
20,0,飘雪,52,1716,60,8,1,547,1,懂比爱更重要
21,0,用户6309824956173,2,90,11,5,1,78,1,先定一个能达到的小目标，比方说来句签名
22,0,汊河长盛钢构,91,2325,83,22,1,5587,1,承接钢结构安装，制作，联系电话15385086198，15385064608
23,0,用户8849327279703,0,39,2,0,1,175,1,先定一个能达到的小目标，比方说来句签名
24,0,简单,5,266,53,1,1,30,1,先定一个能达到的小目标，比方说来句签名
25,0,用户731469,0,27,13,0,1,17,1,先定一个能达到的小目标，比方说来句签名
26,0,观沧海,0,239,20,0,1,97,1,先定一个能达到的小目标，比方说来句签名
27,0,车来车往,31,83,11,6,1,19,1,先定一个能达到的小目标，比方说来句签名
28,0,大连金石滩最民宿,27,383,14,13,1,89,1,大连最民宿
29,0,🍐原来占据你内心的人不是我🍐,293,178,10,153,1,816,1,🐯不抛弃，不放弃  做好百毒不侵的人 🍃
30,0,曾,0,15,13,1,1,30,1,先定一个能达到的小目标，比方说来句签名
31,0,平哥真有钱,0,101,22,0,1,25000,1,本宝宝不帅才怪
32,0,likekun,0,394,0,0,1,0,1,记录美好生活。
33,0,用户4089559079593,0,394,43,0,1,1877,1,先定一个能达到的小目标，比方说来句签名
34,0,淄博仁诚汽车销售,0,35,32,0,1,71,1,先定一个能达到的小目标，比方说来句签名
35,0,阿松,0,76,22,0,1,408,1,先定一个能达到的小目标，比方说来句签名
36,0,东,41,2131,71,11,1,2567,1,先定一个能达到的小目标，比方说来句签名
37,0,传播正能量,460,1216,110,197,1,1973,1,福地德哥
38,0,静心,0,31,0,0,1,37,1,先定一个能达到的小目标，比方说来句签名
39,0,中升大通日产安妮,16,305,16,18,1,1599,1,喵喵喵
40,0,陛下®,29,163,40,3,1,1788,1,先定一个能达到的小目标，比方说来句签名
41,0,玖念,178,100,26,4,1,192,1,叼烟三分不掉灰
42,0,a .🛠老李🇨🇳🎁🍺🌹,81,80,25,45,1,36,1,先定一个能达到的小目标，比方说来句签名
43,0,用户猪猪侠,38,58,20,11,1,98,1,不推开一扇门怎么会认识一群人有时候一个选择就会改变一生的圈子如果你不去尝试改变生活就只能是原来的样子！[爱心]
44,0,用户3845489639276,0,31,2,0,1,21,1,先定一个能达到的小目标，比方说来句签名
45,0,Lemontree,324,544,84,73,1,2691,1,先定一个能达到的小目标，比方说来句签名
46,0,在努力的路上……,18,701,208,2,1,196,1,先定一个能达到的小目标，比方说来句签名
47,0,大先生说车,59,106,194,8,1,39,1,先定一个能达到的小目标，比方说来句签名
48,0,梦醒时分,85,292,50,27,1,165,1,世界那么大，我想去看看......
49,0,阿穆,55,105,39,18,1,721,1,先定一个能达到的小目标，比方说来句签名
50,0,昔年,0,11,11,0,1,272,1,先定一个能达到的小目标，比方说来句签名
51,0,一览豪车汇,3420000,157,221000,196,1,303,1,一览豪车汇，带你看尽天下豪车...
52,0,随心,0,730,16,0,1,761,1,先定一个能达到的小目标，比方说来句签名
53,0,妈咪宝贝,377,227,72,211,1,373,1,先定一个能达到的小目标，比方说来句签名
54,0,毅👉先生,286,136,92,22,1,1259,1,开心就好
55,0,小马不过河,0,391,11,0,1,224,1,先定一个能达到的小目标，比方说来句签名
56,0,杨刚,419,719,152,85,1,1173,1,喜是我的喜 欢是我的欢 你当然是我的宝贝”
57,0,发哥,0,2340,210,0,1,560,1,先定一个能达到的小目标，比方说来句签名
58,0,拾月,23,1509,47,14,1,999,1,好好的
59,0,枫叶,34,93,11,12,1,371,1,我喜欢枫叶，因为它用火红的生命来驱赶秋天的无情……🙏🙏
60,0,谷歌,6,542,40,1,1,1273,1,先定一个能达到的小目标，比方说来句签名
61,0,加州镇长,5,142,7,1,1,36,1,混在京城的车圈儿老炮
62,0,回首,35,65,82,2,1,8261,1,先定一个能达到的小目标，比方说来句签名
63,0,亚宁,0,180,6,0,1,49,1,先定一个能达到的小目标，比方说来句签名
64,0,　　　　　　　　心情,131,335,169,27,1,1930,1,世界各地
65,0,༺江南༻,2,58,17,1,1,91,1,先定一个能达到的小目标，比方说来句签名
66,0,爸爸爱你,0,102,8,0,1,2805,1,先定一个能达到的小目标，比方说来句签名
67,0,用户1426593798341,4,16,2,1,1,16,1,先定一个能达到的小目标，比方说来句签名
68,0,已重置,0,56,4,0,1,141,1,先定一个能达到的小目标，比方说来句签名
69,0,用户1597914972563,8,128,29,1,1,30,1,先定一个能达到的小目标，比方说来句签名
70,0,斌斌汽修  轮胎,2714,1111,715,192,1,770,1,栏杆平安大道中段路北
71,0,赵书学,0,416,9,0,1,76,1,先定一个能达到的小目标，比方说来句签名
72,0,瓮安德博,309,73,180,27,1,33,1,经营范围：机油机油品牌（博世、嘉实多、美浮  KENNOL赛道机油）轮胎品牌：（米其林  美国固铂  马牌 倍耐力等）刹车片品牌：（博世  天合  菲罗多）火花塞品牌：（博世  NGK）其它经营品类：刹车油 变速箱油 防冻液等博世集团创立至今已经有130年历史，全球500强，是全球排名第一的汽车技术和汽车零配件供应商，博世车联是全球最大的独立汽车服务网络之一，在全球150多个国家拥有17000多个维修站。
73,0,用户5318337176999,59,44,47,3,1,1406,1,先定一个能达到的小目标，比方说来句签名
74,0,用户8271563839883,0,203,6,0,1,341,1,先定一个能达到的小目标，比方说来句签名
75,0,颛顼,34,850,40,21,1,18,1,先定一个能达到的小目标，比方说来句签名
76,0,陳锅,10,127,57,1,1,88,1,很简单
77,0,坚持,5,52,19,1,1,308,1,先定一个能达到的小目标，比方说来句签名
78,0,Daniel,0,10,7,0,1,24,1,先定一个能达到的小目标，比方说来句签名
79,0,金铭,16,302,26,3,1,1681,1,先定一个能达到的小目标，比方说来句签名
80,0,huang,0,67,39,0,1,1575,1,先定一个能达到的小目标，比方说来句签名
81,0,老夫聊发少年狂,0,47,2,0,1,27,1,先定一个能达到的小目标，比方说来句签名
82,0,用户5099071095995,0,45,3,0,1,95,1,先定一个能达到的小目标，比方说来句签名
83,0,已重置,22,40,4,0,1,14,1,先定一个能达到的小目标，比方说来句签名
84,0,用户8954770663516,0,560,5,0,1,95,1,先定一个能达到的小目标，比方说来句签名
85,0,宇,0,49,110,0,1,886,1,先定一个能达到的小目标，比方说来句签名
86,0,0℃,85,208,21,12,1,99,1,先定一个能达到的小目标，比方说来句签名
87,0,无畏,219,410,94,39,1,3817,1,选择不对，努力白费！
88,0,乐乐宠物,1226,207,169,114,1,23000,1,先定一个能达到的小目标，比方说来句签名
89,0,叮当,0,234,43,0,1,78,1,想往美好生活
90,0,娟姐,10,537,39,1,1,1414,1,先定一个能达到的小目标，比方说来句签名
91,0,Neyi. Anann,179,284,27,22,1,2333,1,不为别的 只为梦想
92,0,用户68888888888,54,20,40,7,1,806,1,先定一个能达到的小目标，比方说来句签名
93,0,峰回路转,5970,4968,1841,273,1,14000,1,亲情思念欲眼望穿南飞雁轻歌低鸣单一行忽快忽慢过长江躲避一时北风寒春暖花开又回还
94,0,自由自在的我,20,51,6,7,1,603,1,昆明昆明
95,0,高山流水,0,241,5,0,1,77,1,先定一个能达到的小目标，比方说来句签名
96,0,独一无二,10,81,4,2,1,212,1,先定一个能达到的小目标，比方说来句签名
97,0,用户2459736584553,0,54,2,0,1,22,1,先定一个能达到的小目标，比方说来句签名
98,0,Bigbaibai,56,729,33,10,1,3940,1,先定一个能达到的小目标，比方说来句签名
99,0,用户9951375181211,0,27,2,0,1,75,1,先定一个能达到的小目标，比方说来句签名
100,0,用户634839694,0,121,0,0,1,16,1,先定一个能达到的小目标，比方说来句签名
101,0,helen,48,27,51,4,1,772,1,因为你，所以坚持！
102,0,木之源,0,70,5,0,1,8,1,先定一个能达到的小目标，比方说来句签名
103,0,顺风吹帆,3,42,8,1,1,0,1,开心哦
104,0,生活@探路者,1051,990,289,209,1,3129,1,幸福的折磨
105,0,Superhu^_^,0,729,51,0,1,115,1,我从来不想独身，却有预感晚婚
106,0,江湖上的清风,0,10,0,0,1,1,1,先定一个能达到的小目标，比方说来句签名
107,0,梦之星,122,18,59,5,1,91,1,先定一个能达到的小目标，比方说来句签名
108,0,长春西门大官人,2126,73,586,6,1,37,1,新浪微博同名。
109,0,一生平安,196,826,101,15,1,1118,1,祝一家人平平安安，健健康康。
110,0,大禹淘车,55,241,12,12,1,105,1,不定时分享，订车，购车，提车的过程，教你如何跟店家沟通？如何避开购车中的坑！
111,0,兴会,39,323,22,7,1,1429,1,先定一个能达到的小目标，比方说来句签名
112,0,用户6466011337993,0,54,3,0,1,93,1,先定一个能达到的小目标，比方说来句签名
113,0,用户379037354686,0,1761,109,0,1,4122,1,先定一个能达到的小目标，比方说来句签名
114,0,臻乐宠:建康宠物领军品牌,998,5003,811,82,1,517,1,要买放心狗，就到臻乐宠
115,0,心静如水,71,45,20,11,1,99,1,先定一个能达到的小目标，比方说来句签名
116,0,辉煌设计,0,19,12,0,1,19,1,先定一个能达到的小目标，比方说来句签名
117,0,【心有魔债。】,5,14,0,12,1,4,1,假如我年少有为！
118,0,雯雯,65,1038,163,18,1,464,1,先定一个能达到的小目标，比方说来句签名
119,0,wjabd,0,3018,0,0,1,2659,1,先定一个能达到的小目标，比方说来句签名
120,0,青青宝贝520,2799,1882,142,307,1,933,1,关注了我，你就是我的人😘😘😘
121,0,止_258434927,0,1132,11,0,1,438,1,先定一个能达到的小目标，比方说来句签名
122,0,Mark,151,2038,108,54,1,5105,1,先定一个能达到的小目标，比方说来句签名
123,0,天灰总有放晴日,0,312,13,0,1,201,1,先定一个能达到的小目标，比方说来句签名
124,0,用户8347694828459,8,45,8,3,1,5564,1,还没有成功做好的事情，不要和别人分享
125,0,言语的妈妈,311,99,40,115,1,172,1,先定一个能达到的小目标，比方说来句签名
126,0,︶じ 七颜 °,67,953,50,0,1,545,1,难免散场，何必惊慌
127,0,☞学会争取☜,490,5001,112,60,1,18000,1,爱而不得
128,0,Portofino望菌,38,834,49,4,1,1134,1,汉服/JK制服/cos 汽车摄影师
129,0,高山流水,0,125,48,0,1,106,1,先定一个能达到的小目标，比方说来句签名
130,0,HAF,0,249,6,0,1,24,1,先定一个能达到的小目标，比方说来句签名
131,0,碧水蓝天,220,1871,181,8,1,10000,1,送人玫瑰手留余香
132,0,晓风残月,147,1912,372,7,1,34000,1,先定一个能达到的小目标，比方说来句签名
133,0,🌺YJ1,34,511,20,6,1,1496,1,先定一个能达到的小目标，比方说来句签名
134,0,温存༂,8,20,32,0,1,1,1,余生都是你，毛yeye
135,0,梅州福日汽车贴膜,430,659,245,19,1,884,1,专业汽车贴膜，防爆隔热膜车身改色膜，车漆保护膜家居防晒膜，家具保护膜只贴膜，贴好膜感谢关注！
136,0,爱咋咋地,397,65,45,18,1,1196,1,先定一个能达到的小目标，比方说来句签名
137,0,森林,0,5002,464,0,1,5928,1,先定一个能达到的小目标，比方说来句签名
138,0,用户8503938689049,0,792,32,0,1,443,1,先定一个能达到的小目标，比方说来句签名
139,0,用户1490469064222,0,150,5,0,1,16,1,先定一个能达到的小目标，比方说来句签名
140,0,手机用户85524752989,0,50,13,0,1,8,1,先定一个能达到的小目标，比方说来句签名
141,0,有种你嫁我,0,96,11,0,1,313,1,先定一个能达到的小目标，比方说来句签名
142,0,常青峰,15,29,17,4,1,699,1,先定一个能达到的小目标，比方说来句签名
143,0,创天涯,52,571,81,2,1,108,1,先定一个能达到的小目标，比方说来句签名
144,0,仁义礼智信,295,3993,422,20,1,70,1,签名干什么
145,0,寻梦青年～,831,134,65,3,1,236,1,记录着：创业路上的心酸、无奈、压力、动力、和一步一步坚实的脚步！
146,0,暗香盈袖,1393,611,222,55,1,3120,1,没有收拾残局的能力，就不要放任你的脾气
147,0,霏霏,273,197,60,31,1,3274,1,先定一个能达到的小目标，比方说来句签名
148,0,美腻美腻噢耶,0,302,0,0,1,205,1,先定一个能达到的小目标，比方说来句签名
149,0,相识是缘97031,2315,364,835,39,1,2576,1,先定一个能达到的小目标，比方说来句签名
150,0,用户3664323740530,0,1972,30,0,1,309,1,先定一个能达到的小目标，比方说来句签名
151,0,张勇,1113,104,133,42,1,3008,1,😎😎
152,0,東,0,1683,37,0,1,52,1,先定一个能达到的小目标，比方说来句签名
153,0,瓦依提,40,277,48,7,1,433,1,花开在也比不过你的笑容
154,0,林中小径,1,116,1,1,1,20,1,先定一个能达到的小目标，比方说来句签名
155,0,廖先生,6951,235,309,47,1,2887,1,所谓生活，就是一半惊喜，一半遗憾。
156,0,用户6222729246723,0,231,4,0,1,166,1,先定一个能达到的小目标，比方说来句签名
157,0,华仔,77,220,99,11,1,2862,1,随缘
158,0,？？？,77,106,60,6,1,704,1,先定一个能达到的小目标，比方说来句签名
159,0,已重置,0,682,0,0,1,405,1,先定一个能达到的小目标，比方说来句签名
160,0,轉身誰還在°,194,126,61,26,1,1809,1,先定一个能达到的小目标，比方说来句签名
161,0,張三瘋,406,195,102,26,1,1250,1,天黑路滑  社会复杂
162,0,飞哥,0,89,10,0,1,294,1,天高任鸟飞，海阔凭鱼跃
163,0,俏佳人,73,379,47,15,1,3386,1,先定一个能达到的小目标，比方说来句签名
164,0,月抹夕颜,669,307,113,81,1,565,1,t: 19913782348（微信同号)
165,0,没脾气 ,23,72,16,10,1,425,1,小云朵☁️
166,0,雨中花🌸,0,2108,49,0,1,7449,1,先定一个能达到的小目标，比方说来句签名
167,0,涛哥,0,333,14,0,1,303,1,先定一个能达到的小目标，比方说来句签名
168,0,静静,72,283,39,7,1,3317,1,随遇而安，知足常乐。
169,0,《亚太线缆抖音平台》（EAST）,10,4719,349,4,1,176,1,先定一个能达到的小目标，比方说来句签名
170,0,回忆有你,0,47,20,0,1,64,1,先定一个能达到的小目标，比方说来句签名
171,0,彭良勤,0,2052,250,0,1,584,1,先定一个能达到的小目标，比方说来句签名
172,0,Devil,18,74,13,3,1,1939,1,先定一个能达到的小目标，比方说来句签名
173,0,墨菲,97,1418,134,10,1,1128,1,先定一个能达到的小目标，比方说来句签名
174,0,花里胡哨🌈,15,55,75,2,1,3111,1,我有一个梦想  就是成为你father
175,0,郑州新富华二手名车,8932,142,6905,133,1,1388,1,老家河南许昌襄城县人，在二手车行业摸爬滚打10年，诚信为本！拒绝套路！郑重承诺：所有车辆，发变质保一年或三万公里，七天无理由调换，发现事故水淹火烧车辆，无条件退车，包赔损失，让您买车省心，舒心，放心，卖车无忧，不被套路，传递正能量！杜绝事故.水淹.火烧车辆从我做起！
176,0,罗罗诺亚·辉,6,230,19,2,1,2394,1,先定一个能达到的小目标，比方说来句签名
177,0,我是你的狗子哥,49000,205,1755,38,1,14000,1,先定一个能达到的小目标，比方说来句签名
178,0,龚毅熙,97,690,80,11,1,540,1,先定一个能达到的小目标，比方说来句签名
179,0,岁月静👌🏻,0,390,5,0,1,6,1,何必自寻烦恼
180,0,L~~~~~,0,354,10,0,1,589,1,先定一个能达到的小目标，比方说来句签名
181,0,丑小鸭,0,21,2,0,1,90,1,先定一个能达到的小目标，比方说来句签名
182,0,等你到十三月,0,25,1,0,1,3707,1,先定一个能达到的小目标，比方说来句签名
183,0,剑,0,22,13,0,1,106,1,先定一个能达到的小目标，比方说来句签名
184,0,用户8201098771032,22,362,94,3,1,865,1,谢谢你的关注
185,0,波哥,17,69,46,1,1,485,1,先定一个能达到的小目标，比方说来句签名
186,0,@-LLS,336,284,79,59,1,557,1,时间会让你看清每一张脸，久伴会让你知道每一颗心。
187,0,@猴哥,0,1910,184,0,1,9771,1,先定一个能达到的小目标，比方说来句签名
188,0,用户2706353457349,0,130,4,0,1,99,1,先定一个能达到的小目标，比方说来句签名
189,0,梁艺生,71,76,20,8,1,14,1,先定一个能达到的小目标，比方说来句签名
190,0,用户9767551178919,67,17,20,10,1,295,1,先定一个能达到的小目标，比方说来句签名
191,0,雨雨雨,0,280,32,0,1,1239,1,先定一个能达到的小目标，比方说来句签名
192,0,陈肉肉,0,125,57,0,1,3273,1,遗憾
193,0,好人一生平安，嗯，人生就是希妮妮,137,1129,10,285,1,8031,1,家💪👀❤👂
194,0,埋你一万年,0,203,73,0,1,184,1,先定一个能达到的小目标，比方说来句签名
195,0,小胡嘟,0,2134,61,0,1,37,1,先定一个能达到的小目标，比方说来句签名
196,0,🔥悦🔥丶小僧,51,154,15,2,1,1861,1,先定一个能达到的小目标，比方说来句签名
197,0,云淡风清,83,334,56,13,1,1053,1,因为没个性所以不签名
198,0,龍先生,110,226,53,18,1,472,1,您身边真心长远的服务专家
199,0,天空,1206,2259,490,35,1,1069,1,天空
200,0,user9191771546644,210,381,68,21,1,2144,1,先定一个能达到的小目标，比方说来句签名
201,0,鹧鸪,0,87,8,0,1,95,1,先定一个能达到的小目标，比方说来句签名
202,0,用户6738638376583,0,66,13,0,1,1325,1,先定一个能达到的小目标，比方说来句签名
203,0,2018^_^佑仪,5189,369,1880,109,1,2138,1,自寻烦恼，只因太执著、太在意
204,0,秦起起💪🏼👈,5,726,17,1,1,1434,1,先定一个能达到的小目标，比方说来句签名
205,0,孙大敏min ,0,32,13,0,1,90,1,先定一个能达到的小目标，比方说来句签名
206,0,小小,6,156,3,20,1,2,1,先定一个能达到的小目标，比方说来句签名
207,0,💿抖抖钵钵鸡⚡️,0,181,32,0,1,192,1,制片
208,0,牛牛,256,319,26,66,1,518,1,先定一个能达到的小目标，比方说来句签名
209,0,LZLei,0,936,14,0,1,16,1,先定一个能达到的小目标，比方说来句签名
210,0,聊车总裁,2113000,363,427000,64,1,570,1,每天分享汽车知识，爱车爱生活，传递正能量！
211,0,爽,8,263,9,1,1,3,1,先定一个能达到的小目标，比方说来句签名
212,0,不忘初心,0,23,15,0,1,350,1,先定一个能达到的小目标，比方说来句签名
213,0,齐姐,153,1201,919,15,1,3722,1,感谢抖音世界美丽陪伴
214,0,甄文豪,4131,204,207,255,1,384,1,想要了解更多可以联系15803120703 v 同步
215,0,文化人,0,195,9,0,1,2,1,先定一个能达到的小目标，比方说来句签名
216,0,晨风,6,1342,6,3,1,1185,1,先定一个能达到的小目标，比方说来句签名
217,0,鸿哥仔,1572,55,98,59,1,110,1,先定一个能达到的小目标，比方说来句签名
218,0,带刺的玫瑰 谁碰谁受罪,3908,484,655,167,1,672,1,💕“人生总有些惊奇的际遇”，“比方说遇见你，然后爱上你”。这一生，风雨兼程，生活如果不宠你，更要善待好自己
219,0,西子姐姐,528,137,52,64,1,536,1,未来的每一天都要快快乐乐的
220,0,@陆大叔,109,1070,60,10,1,401,1,宁可孤独！也不违心！
221,0,沈哥哥呀,0,78,17,0,1,361,1,先定一个能达到的小目标，比方说来句签名
222,0,怡怡悦悦,1291,4343,1677,20,1,2461,1,喜欢你
223,0,小兔子,20,89,15,11,1,310,1,先定一个能达到的小目标，比方说来句签名
224,0,文,0,29,16,0,1,187,1,先定一个能达到的小目标，比方说来句签名
225,0,美美,221,216,78,43,1,621,1,先定一个能达到的小目标，比方说来句签名
226,0,YYL14592,280,750,166,22,1,2654,1,YYL 14592
227,0,强哥,0,26,11,0,1,94,1,先定一个能达到的小目标，比方说来句签名
228,0,user6042406840749,0,22,1,0,1,9779,1,先定一个能达到的小目标，比方说来句签名
229,0,乐,0,866,68,0,1,498,1,先定一个能达到的小目标，比方说来句签名
230,0,春暖花开,0,1484,25,0,1,472,1,先定一个能达到的小目标，比方说来句签名
231,0,MIssyournight,491,85,50,2,1,291,1,拿得起放得下
232,0,东方寒璘,0,211,1,0,1,31,1,先定一个能达到的小目标，比方说来句签名
233,0,陕西顺鑫,202000,28,261,116,1,23000,1,1.买车的(东风风光)2.也买保险(车人都行)3.现在是女的在管理，不要叫我哥哥
234,0,妮子✺别太过,0,352,111,0,1,2149,1,先定一个能达到的小目标，比方说来句签名
235,0,唯一,211,103,39,25,1,385,1,先定一个能达到的小目标，比方说来句签名
236,0,平心静气,160,162,609,3,1,778,1,先定一个能达到的小目标，比方说来句签名
237,0,若你碰到ta^0^,214,191,46,30,1,18000,1,先定一个能达到的小目标，比方说来句签名
238,0,一生有你,369,56,785,21,1,90,1,先定一个能达到的小目标，比方说来句签名
239,0,MM^O^二楞姑凉,44,193,26,9,1,1472,1,先定一个能达到的小目标，比方说来句签名
240,0,城信第一,0,4303,400,0,1,29,1,先定一个能达到的小目标，比方说来句签名
241,0,小丸子,13,1388,59,1,1,233,1,笑口常开
242,0,小飞飞,0,633,152,0,1,44,1,先定一个能达到的小目标，比方说来句签名
243,0,汽车电路维修,1,183,87,1,1,533,1,先定一个能达到的小目标，比方说来句签名
244,0,用户610703230,42,943,81,2,1,483,1,没个性不签名
245,0,houafa,404,3721,566,43,1,119,1,先定一个能达到的小目标，比方说来句签名
246,0,脚踏实地,0,117,39,0,1,3701,1,先定一个能达到的小目标，比方说来句签名
247,0,昕冉,242,102,24,26,1,115,1,真诚📿舒心
248,0,彭惠娟,37,2965,52,9,1,550,1,先定一个能达到的小目标，比方说来句签名
249,0,用户1960481636332,17,12,3,3,1,53,1,先定一个能达到的小目标，比方说来句签名
250,0,(永垣的心)用户900732368615,0,32,0,0,1,156,1,先定一个能达到的小目标，比方说来句签名
251,0,熊猫,0,92,7,0,1,354,1,以
252,0,...,0,207,5,0,1,1470,1,先定一个能达到的小目标，比方说来句签名
253,0,记忆,22,39,18,3,1,34,1,先定一个能达到的小目标，比方说来句签名
254,0,南国红豆,0,86,0,0,1,0,1,先定一个能达到的小目标，比方说来句签名
255,0,用户6363520453011,0,100,7,0,1,1207,1,先定一个能达到的小目标，比方说来句签名
256,0,错觉,5,18,25,1,1,1,1,先定一个能达到的小目标，比方说来句签名
257,0,随意而安,0,507,45,0,1,93,1,先定一个能达到的小目标，比方说来句签名
258,0,从此以后断情绝爱,4089,246,387,82,1,5414,1,单身
259,0,93,7,337,57,2,1,332,1,先定一个能达到的小目标，比方说来句签名
260,0,锡林河在线,214,2280,184,7,1,4787,1,没心没肺有个好胃
261,0,现代,28,454,46,2,1,137,1,先定一个能达到的小目标，比方说来句签名
262,0,半身风雨半身伤,49,1134,32,4,1,128,1,人行天地间.忽如远行客
263,0,浅灰色,13,56,2,2,1,23,1,先定一个能达到的小目标，比方说来句签名
264,0,🔥贵州农村小伙🔥,505000,3998,64000,78,1,864,1,🔥🔥（贵州）…（廖伟 ）🔥🔥🔥🔥    微信  liaowei1        🔥🔥                      🔥🔥粉丝达到70000直播 本人就一个号 最近有人用我头像 自我介绍 来着贵州 身高170 体重113 唯一爱好就是挣钱
265,0,文武,0,2557,368,0,1,2180,1,先定一个能达到的小目标，比方说来句签名
266,0,用户7382007059446,0,1425,76,0,1,16000,1,先定一个能达到的小目标，比方说来句签名
267,0,孤独别醒来,7,62,11,1,1,157,1,先定一个能达到的小目标，比方说来句签名
268,0,用户3335359338513,0,29,3,0,1,15,1,先定一个能达到的小目标，比方说来句签名
269,0,柯莱特,0,2991,170,0,1,527,1,先定一个能达到的小目标，比方说来句签名
270,0,大熙,0,117,23,0,1,34,1,先定一个能达到的小目标，比方说来句签名
271,0,♀橄榄緑鍀夢梦★,221,928,156,29,1,2651,1,先定一个能达到的小目标，比方说来句签名
272,0,用户8515006064119,0,17,20,0,1,104,1,先定一个能达到的小目标，比方说来句签名
273,0,徐生,122,8,54,27,1,161,1,先定一个能达到的小目标，比方说来句签名
274,0,汇聚酒店厨房设备,0,960,208,0,1,185,1,先定一个能达到的小目标，比方说来句签名
275,0,Psyche L,347,47,58,16,1,462,1,过了河的卒
276,0,秦人,16000,2574,2141,191,1,64000,1,甘肃敦煌人，祖籍甘肃省天水市秦安县(古称秦州)，伏羲女娲出生地，秦人发祥地。
277,0,冷绪刚,69,116,28,7,1,151,1,先定一个能达到的小目标，比方说来句签名
278,0,手机用户77643001431,3742,626,494,57,1,1693,1,做好自己，没必要解释💪💪💪💪💪💪
279,0,$巨浪$,19000,4569,993,173,1,2311,1,向快乐出发。没有比快乐更重要的事情了。
280,0,❤️,227,712,151,13,1,17000,1,活着就折腾
281,0,满粢硕鼠,0,629,22,0,1,651,1,先定一个能达到的小目标，比方说来句签名
282,0,A何仙姑夫_,1299,607,235,50,1,811,1,周集卖农药化肥种子
283,0,雪狼,0,92,1,0,1,688,1,先定一个能达到的小目标，比方说来句签名
284,0,忘记了网名,272,423,99,56,1,1400,1,有需要装修的可以联系，价格从优。
285,0,Akax,13,91,16,1,1,37,1,先定一个能达到的小目标，比方说来句签名
286,0,皇上,594,256,117,116,1,715,1,我若成佛  佛奈我何  我若成魔  天下无魔
287,0,王总说🚗,0,6,2,1,1,0,1,先定一个能达到的小目标，比方说来句签名
288,0,情义无价,0,2402,67,0,1,711,1,情义无价
289,0,车行无忧汽修,0,155,66,0,1,2804,1,先定一个能达到的小目标，比方说来句签名
290,0,暮光,10,88,76,1,1,10,1,愿你眉目如初，回首又见归路
291,0,萍,89,4931,297,22,1,3651,1,先定一个能达到的小目标，比方说来句签名
292,0,素颜,1737,104,210,44,1,4579,1,先定一个能达到的小目标，比方说来句签名
293,0,独家记忆,20,1760,51,3,1,1485,1,路是自己选的，不要抱怨，只能靠自己，天道酬勤
294,0,已重置,74,123,49,0,1,98,1,先定一个能达到的小目标，比方说来句签名
295,0,深度,72,406,101,10,1,535,1,人生只不过梦一场。一转身，山遥水远，物是人非；再回眸，情怀依旧，眷念如昔。多想剪一段旧时光……于心底珍藏！
296,0,用户6791518685149,0,47,0,0,1,3,1,先定一个能达到的小目标，比方说来句签名
297,0,miess688,0,95,1,0,1,273,1,先定一个能达到的小目标，比方说来句签名
298,0,用户2912410829585,0,72,1,0,1,54,1,先定一个能达到的小目标，比方说来句签名
299,0,若馨服饰,13000,44,1451,193,1,3063,1,只此一个号，勿受骗！
300,0,那年往事,0,147,6,0,1,1032,1,先定一个能达到的小目标，比方说来句签名
301,0,小代代,18,593,44,1,1,325,1,先定一个能达到的小目标，比方说来句签名
302,0,用户1168044075760,0,75,4,0,1,473,1,先定一个能达到的小目标，比方说来句签名
303,0,维森汽车服务,216,357,110,13,1,3086,1,Vision车体护理
304,0,用户1394358996789,0,20,0,0,1,7,1,先定一个能达到的小目标，比方说来句签名
305,0,小观音,0,83,5,0,1,1015,1,先定一个能达到的小目标，比方说来句签名
306,0,张老五,4502,1281,1280,154,1,5199,1,闭门思过
307,0,韩,0,63,11,0,1,235,1,先定一个能达到的小目标，比方说来句签名
308,0,蓝光,87,524,60,20,1,497,1,先定一个能达到的小目标，比方说来句签名
309,0,wake,801,352,98,42,1,12000,1,经常更新拍戏视频现场哦
310,0,2018,0,392,57,0,1,161,1,先定一个能达到的小目标，比方说来句签名
311,0,用户1555427594040,0,300,10,0,1,81,1,先定一个能达到的小目标，比方说来句签名
312,0,财,221,176,152,14,1,5693,1,你关注我，我一刷抖音就帮你点赞，有时间还送一条评论👍
313,0,_*华丽邂逅-,28,535,61,2,1,3499,1,选择大于努力
314,0,EK130203汇,0,890,8,0,1,48,1,先定一个能达到的小目标，比方说来句签名
315,0,老胡爱车,0,285,9,0,1,178,1,先定一个能达到的小目标，比方说来句签名
316,0,遇你相约,974,330,323,21,1,12000,1,先定一个能达到的小目标，比方说来句签名
317,0,因你而精彩,126,1108,42,20,1,1616,1,先定一个能达到的小目标，比方说来句签名
318,0,顺其自然,36,170,15,4,1,329,1,先定一个能达到的小目标，比方说来句签名
319,0,张良,177,1660,213,41,1,67,1,先定一个能达到的小目标，比方说来句签名
320,0,艾带再汗·阿巴斯,65,110,21,20,1,74,1,先定一个能达到的小目标，比方说来句签名
321,0,凉空👤️,39,539,40,2,1,248,1,先定一个能达到的小目标，比方说来句签名
322,0,春夏秋冬,0,51,2,0,1,46,1,先定一个能达到的小目标，比方说来句签名
323,0,大山苗木,112,99,28,17,1,724,1,大山苗木
324,0,腹肌重机大花臂,43,346,24,8,1,446,1,腹肌代表自律重机代表自由花臂代表信仰
325,0,用户4901999631978,0,87,4,0,1,54,1,我是小梅
326,0,美丽人生wyw,84,430,90,4,1,169,1,先定一个能达到的小目标，比方说来句签名
327,0,暖阳,3,418,6,1,1,2919,1,先定一个能达到的小目标，比方说来句签名
328,0,闫军,948,2039,270,88,1,513,1,先定一个能达到的小目标，比方说来句签名
329,0,青松,2,25,9,1,1,32,1,拼搏
330,0,徐先生,715,1717,513,37,1,4973,1,福建莆田
331,0,用户3131488118804,820,3109,1334,14,1,1638,1,先定一个能达到的小目标，比方说来句签名
332,0,咩咩~🐑,302,124,76,30,1,240,1,自己的感受比道理重要😏
333,0,收获快乐胡杨,0,76,14,0,1,188,1,快乐生活
334,0,微笑多一点_2325,1285,3338,173,459,1,4688,1,先定一个能达到的小目标，比方说来句签名
335,0,开心是福,0,98,7,0,1,556,1,先定一个能达到的小目标，比方说来句签名
336,0,水中月,0,142,20,0,1,439,1,先定一个能达到的小目标，比方说来句签名
337,0,用户1527600750797,0,1791,20,0,1,4538,1,先定一个能达到的小目标，比方说来句签名
338,0,众媒互动,0,110,6,0,1,1,1,先定一个能达到的小目标，比方说来句签名
339,0,蓝天,22,65,29,2,1,63,1,先定一个能达到的小目标，比方说来句签名
340,0,流年有爱 岁月静好,67,84,44,14,1,578,1,世上有两个我：一个假装快乐，一个真心难过。
341,0,用户1885002136969,173,630,132,7,1,246,1,美食。。。美景。。。美女
342,0,莱菜菜莱,0,87,0,0,1,1,1,先定一个能达到的小目标，比方说来句签名
343,0,partly,467,79,88,22,1,833,1,这个人很懒，什么都没留下
344,0,user5616181493749,0,300,44,0,1,6484,1,单身就单身吧，早晚能遇到你
345,0,Amin,35,83,31,5,1,39,1,先定一个能达到的小目标，比方说来句签名
346,0,小玉,3,109,5,5,1,9,1,开心点哈……
347,0,若不相欠怎会相见,0,12,1,0,1,34,1,先定一个能达到的小目标，比方说来句签名
348,0,人生如梦,254,1963,78,87,1,950,1,先定一个能达到的小目标，比方说来句签名
349,0,晋州厚华汽车脚垫,249,6,13,20,1,21,1,客服19932761579
350,0,张浩,23,402,42,5,1,3644,1,愿我笑看风云，好的都留下坏的都失去。
351,0,手机用户94114374888,0,144,24,0,1,26,1,先定一个能达到的小目标，比方说来句签名
352,0,用户3868614308941,0,24,11,0,1,204,1,好人一生幸福！
353,0,海,10,68,18,2,1,63,1,先定一个能达到的小目标，比方说来句签名
354,0,👯Mister.LIU🕺,2852,2859,709,112,1,3253,1,先定一个能达到的小目标，比方说来句签名
355,0,忘忧草,511,79,49,63,1,2153,1,开心就好
356,0,棒棒糖,0,428,19,0,1,842,1,先定一个能达到的小目标，比方说来句签名
357,0,孤独一生,153,66,28,28,1,305,1,先定一个能达到的小目标，比方说来句签名
358,0,博纳文化-商务合作,0,809,10,0,1,7,1,音乐人MCN机构，对接品牌、产品推广、音乐推广、专辑制作及发行！电话/vx：18677154703
359,0,用户2684595722277,0,108,19,0,1,240,1,先定一个能达到的小目标，比方说来句签名
360,0,矿泉水,36,644,31,16,1,601,1,先定一个能达到的小目标，比方说来句签名
361,0,薄荷糖@微微凉,74,4362,408,15,1,5359,1,先定一个能达到的小目标，比方说来句签名
362,0,陈陈加速成长,0,166,5,0,1,354,1,先定一个能达到的小目标，比方说来句签名
363,0,隐居山林,0,243,12,0,1,13,1,先定一个能达到的小目标，比方说来句签名
364,0,A简简单单,0,16,22,0,1,10,1,先定一个能达到的小目标，比方说来句签名
365,0,上善若水,0,115,11,0,1,33,1,退休人员
366,0,用户6298708581609,0,413,38,0,1,225,1,先定一个能达到的小目标，比方说来句签名
367,0,10秒销售小技巧,15,631,74,4,1,77,1,每日更新，分享销售干货～～
368,0,狼仔,13,88,69,2,1,68,1,人生一世，逍遥度日。草木一秋，知足无忧！
369,0,小潘潘,142,69,107,8,1,1096,1,先定一个能达到的小目标，比方说来句签名
370,0,静儿,22,111,22,15,1,312,1,有趣又好玩的灵魂
371,0,懒羊羊,744,1240,247,70,1,1966,1,单纯的我寻找单纯的快乐！
372,0,北京安驰畅达 尹楠,32,444,61,13,1,117,1,北京安驰畅达高端车维修美容改装，双旗舰店:东五环兴达汽车广场，昌平科技园震宇电气南门
373,0,Do  not  weak Mr   Long,121,990,40,11,1,837,1,先定一个能达到的小目标，比方说来句签名
374,0,我是我,91,132,78,9,1,98,1,今天的努力只是为了让明天的我过的更好些！
375,0,晨曦,533,924,154,24,1,4774,1,陪伴是最长情的告白
376,0,Хада,4,454,76,1,1,46,1,牧民大学
377,0,朋友,0,667,170,0,1,0,1,谢谢你的关注
378,0,燕子,0,59,1,0,1,44,1,先定一个能达到的小目标，比方说来句签名
379,0,粤懂车,75,63,11,7,1,113,1,热爱汽车的不知名粤语主持人不断更新汽车知识
380,0,用户3803695733838,0,113,25,0,1,52,1,先定一个能达到的小目标，比方说来句签名
381,0,无缘的孤单,8,147,12,11,1,40,1,我是一个农村人。
382,0,唐龙,0,168,79,0,1,24,1,先定一个能达到的小目标，比方说来句签名
383,0,shelleyLee,0,44,3,0,1,153,1,先定一个能达到的小目标，比方说来句签名
384,0,美芽,12000,49,1351,7,1,455,1,zxl-18603378880
385,0,💍PaRaSat💎,0,188,11,0,1,122,1,先定一个能达到的小目标，比方说来句签名
386,0,与妳：不谈亏欠，不负遇见。,0,136,0,0,1,954,1,：纵使百般伤害！：也不曾记在心间！：唯有情深与思念根植于心！：尝试诸多自虐方式！：也难逃思念相思之苦！：毕竟情出心底，毒入骨髓！：无奈！我选择忘记自己！
387,0,老蔡,30,44,46,10,1,44,1,先定一个能达到的小目标，比方说来句签名
388,0,扛起拖把扫天下,4,255,153,0,1,1294,1,先定一个能达到的小目标，比方说来句签名
389,0,错误认识,39,427,128,3,1,347,1,先定一个能达到的小目标，比方说来句签名
390,0,牛二蛋,0,821,125,0,1,20000,1,先定一个能达到的小目标，比方说来句签名
391,0,AN+笑面猫,0,73,15,0,1,18,1,先定一个能达到的小目标，比方说来句签名
392,0,sDc-LoNg,527,217,97,21,1,17000,1,V：13025263776
393,0,苦思甜,97,122,50,5,1,449,1,大朋
394,0,小姜15141095889827,87,63,40,35,1,28,1,电话/vx15141095889
395,0,皮厚才能硬,338,3192,1224,84,1,1056,1,不断完善自己的人生，说多了都是废话。
396,0,丽,44,102,21,6,1,1562,1,先定一个能达到的小目标，比方说来句签名
397,0,阿哥,35,132,24,2,1,40,1,先定一个能达到的小目标，比方说来句签名
398,0,永不言悔,18,132,81,2,1,133,1,先定一个能达到的小目标，比方说来句签名
399,0,杠精。,66,3584,29,25,1,6438,1,✨✨✨✨✨✨✨✨✨✨✨
400,0,大龙哥,20186000,54,719000,100,1,209,1,我要做抖音最专衣的男人！V：h9922333（备注来意）
401,0,阿喵,44,1462,238,0,1,6113,1,先定一个能达到的小目标，比方说来句签名
402,0,用户7009259438672,1403,4075,218,67,1,964,1,抖音，只为遇见你更好
403,0,用户581126,0,466,14,0,1,48,1,先定一个能达到的小目标，比方说来句签名
404,0,A....潇洒哥  😍,4088,20,509,27,1,266,1,除了奋斗·别无选择！
405,0,（强）云淡风轻,1065,4650,1219,75,1,1065,1,二哥的那些事！
406,0,不良人,5,615,51,3,1,1587,1,先定一个能达到的小目标，比方说来句签名
407,0,程程,375,65,51,72,1,14000,1,先定一个能达到的小目标，比方说来句签名
408,0,꧁༺吥洅猶豫༻꧂,291,93,78,43,1,5567,1,先定一个能达到的小目标，比方说来句签名
409,0,Corrine,118000,422,3914,47,1,1816,1,先定一个能达到的小目标，比方说来句签名
410,0,用户1920647903807,0,8,10,0,1,703,1,先定一个能达到的小目标，比方说来句签名
411,0,Jiang Chen,0,740,48,0,1,88,1,先定一个能达到的小目标，比方说来句签名
412,0,寿岳之松,0,271,281,0,1,3754,1,先定一个能达到的小目标，比方说来句签名
413,0,用户2849612918658,0,57,0,0,1,69,1,先定一个能达到的小目标，比方说来句签名
414,0,中国星,0,51,10,0,1,8,1,先定一个能达到的小目标，比方说来句签名
415,0,狄总,0,148,72,0,1,133,1,先定一个能达到的小目标，比方说来句签名
416,0,用户218535877,0,14,1,0,1,125,1,先定一个能达到的小目标，比方说来句签名
417,0,小乐,0,307,9,0,1,59,1,先定一个能达到的小目标，比方说来句签名
418,0,wang-k-s,26,258,37,2,1,214,1,先定一个能达到的小目标，比方说来句签名
419,0,律政先锋,61,1228,174,12,1,94,1,行大道，民为本，利天下！
420,0,孙,0,72,38,0,1,50,1,先定一个能达到的小目标，比方说来句签名
421,0,白桦林,0,83,16,0,1,444,1,先定一个能达到的小目标，比方说来句签名
422,0,上善若水,29,131,33,5,1,144,1,先定一个能达到的小目标，比方说来句签名
423,0,用户7231260655770,285,593,71,41,1,425,1,先定一个能达到的小目标，比方说来句签名
424,0,『程』,0,199,13,0,1,927,1,先定一个能达到的小目标，比方说来句签名
425,0,麗江不是江,0,267,1,0,1,0,1,If Luck Runs OutAppearing Today
426,0,昵称加载中,0,568,14,0,1,711,1,先定一个能达到的小目标，比方说来句签名
427,0,牛肉哥,176,74,77,33,1,209,1,天苍苍，地茫茫，风吹草地鲜牛坊，此地胜过大草原。
428,0,YQ,111,80,77,12,1,489,1,先定一个能达到的小目标，比方说来句签名
429,0,善良喵,5,676,84,0,1,2912,1,先定一个能达到的小目标，比方说来句签名
430,0,蜗牛的春天,9,71,23,2,1,259,1,生活不易，开心就好
431,0,追寻梦想。,0,60,7,0,1,69,1,先定一个能达到的小目标，比方说来句签名
432,0,作家,170,77,41,24,1,546,1,先定一个能达到的小目标，比方说来句签名
433,0,手机用户60203303273,13,10,23,1,1,826,1,先定一个能达到的小目标，比方说来句签名
434,0,义薄云天,355,1119,275,33,1,485,1,先定一个能达到的小目标，比方说来句签名
435,0,用户1922721735351,42,2574,102,6,1,813,1,先定一个能达到的小目标，比方说来句签名
436,0,2018新用户,0,185,13,0,1,796,1,先定一个能达到的小目标，比方说来句签名
437,0,素颜繁华梦,3,245,9,1,1,910,1,天道酬勤
438,0,昨夜星辰,0,272,10,0,1,104,1,宠辱不惊，看庭前花开花落，去留无意，望天空云卷云舒。
439,0,二年级👾三道杠,142000,46,1413,21,1,1110,1,先定一个能达到的小目标，比方说来句签名
440,0,用户6470399028816,0,49,7,0,1,25,1,先定一个能达到的小目标，比方说来句签名
441,0,秋天的玫瑰,592,157,98,85,1,2228,1,秋天的玫瑰，
442,0,辞君一夜取楼兰,26,498,32,27,1,590,1,明剌星驰封宝剑，辞君一夜取楼兰
443,0,婷婷的father,138,86,26,26,1,1683,1,先定一个能达到的小目标，比方说来句签名
444,0,潮汕-阿酷,153,165,23,21,1,218,1,一个七年驾龄 行驶十万公里的老司机，拍摄关于汽车有价值的视频与你分享。
445,0,有空赌没空吃饭,0,6,0,0,1,6,1,先定一个能达到的小目标，比方说来句签名
446,0,一鸣,0,244,21,0,1,7,1,虚己游世
447,0,联合酋长,104,365,81,43,1,2735,1,海上钢琴师
448,0,用户5906970644272,0,2727,37,0,1,29,1,先定一个能达到的小目标，比方说来句签名
449,0,用户1399142625199,78,131,16,25,1,660,1,为了美好的明天加油！
450,0,一言难尽,1440,340,196,22,1,12000,1,先定一个能达到的小目标，比方说来句签名
451,0,曾木匠,7,97,11,4,1,21,1,本人，单身以57
452,0,薪潮铭翦8＜,13,485,11,4,1,920,1,先定一个能达到的小目标，比方说来句签名
453,0,希兴,0,406,12,0,1,32,1,先定一个能达到的小目标，比方说来句签名
454,0,良！,0,194,23,0,1,7413,1,云南省曲靖市师宗县人，1977年出生昆明理工大学专科毕业。现昆明打工！
455,0,蓝海@清风,0,27,0,0,1,124,1,先定一个能达到的小目标，比方说来句签名
456,0,桐桐,2,220,10,1,1,155,1,先定一个能达到的小目标，比方说来句签名
457,0,沙漠A,0,2115,159,0,1,509,1,先定一个能达到的小目标，比方说来句签名
458,0,已重置,13,104,13,6,1,105,1,先定一个能达到的小目标，比方说来句签名
459,0,ＫＯＴＲＥＮＤ,0,22,12,3,1,100,1,V❤️：1252602440，QQ同步
460,0,人生如戏,1225,99,108,104,1,2231,1,人生就如一场戏  看不透  也摸不着  不求将心比心  但求无愧于心
461,0,King,73,360,28,10,1,1731,1,只有一条路不能选择--那就是放弃的路，只有一条路不能拒绝--那就是成长的路。只要还有明天，今天就永远是起跑线。前方无绝路，希望在转角。抱最大的希望，做最大的努力！
462,0,健来福,212,1061,95,624,1,141,1,济南市莱芜区羊里镇中心幼儿园西十八号楼
463,0,竹林看雪,901,366,317,17,1,2049,1,苦尽甘来
464,0,微笑,21,45,33,3,1,180,1,寻找红颜
465,0,善待自己,27,477,77,4,1,620,1,先定一个能达到的小目标，比方说来句签名
466,0,无痛 鼻炎 理疗,2066,1258,603,78,1,1952,1,新方法鼻炎  中耳炎13683877497
467,0,生命不牺、战斗不止！,125,1064,71,18,1,228,1,先定一个能达到的小目标，比方说来句签名
468,0,似曾相识66,0,878,40,0,1,9660,1,先定一个能达到的小目标，比方说来句签名
469,0,狮子座流星雨大神魔鬼天使眼,7,217,4,4,1,32,1,先定一个能达到的小目标，比方说来句签名
470,0,亲,20,402,28,4,1,123,1,先定一个能达到的小目标，比方说来句签名
471,0,幸福,13,18,13,13,1,87,1,先定一个能达到的小目标，比方说来句签名
472,0,翰冰燕,105,120,42,41,1,188,1,先定一个能达到的小目标，比方说来句签名
473,0,用户2602622579053,391,608,144,90,1,259,1,先定一个能达到的小目标，比方说来句签名
474,0,来哥,20,96,16,2,1,218,1,先定一个能达到的小目标，比方说来句签名
475,0,用户2132266978200,17,528,16,5,1,85,1,先定一个能达到的小目标，比方说来句签名
476,0,李哥,564,5000,1949,5,1,1307,1,实干兴家13925045151
477,0,不想当小二的李小二,30,1091,11,9,1,67,1,简单过生活，小二当小二
478,0,午间笑点,8,622,6,1,1,520,1,只有这一个号另外都是假的让大家开心一下让大家拿图拿曲不止搞笑感谢大家官方的支持❤️❤️❤️
479,0,子夜蓝调（拒私聊）,11000,850,328,266,1,38000,1,幸福就在自己手里，就看你怎么把握！
480,0,百驾通汽车服务,1086,432,348,10,1,95,1,十年老店，资深汽车行业人士，免费为你解答各类用车难题。有车生活，快乐同行！
481,0,踏雪,421,1087,333,29,1,89,1,先定一个能达到的小目标，比方说来句签名
482,0,用户4008881048183,0,67,3,0,1,110,1,阿浩
483,0,当家做主,62000,4057,17000,102,1,56000,1,人争一口气，佛争一炷香！
484,0,静静娃,37,90,28,4,1,58,1,先定一个能达到的小目标，比方说来句签名
485,0,用户6654954218444,4,42,3,0,1,43,1,先定一个能达到的小目标，比方说来句签名
486,0,上海商务车改装,2128,22,195,28,1,132,1,每天给你不一样的别克GL8，想看不一样的留言关注我。
487,0,太多,0,86,44,0,1,42,1,先定一个能达到的小目标，比方说来句签名
488,0,丁了,84,2278,112,20,1,1021,1,简单
489,0,坤哥,330,2646,173,18,1,3612,1,先定一个能达到的小目标，比方说来句签名
490,0,用户7785220350170,0,56,5,0,1,87,1,先定一个能达到的小目标，比方说来句签名
491,0,789风云,5,10,20,1,1,70,1,先定一个能达到的小目标，比方说来句签名
492,0,平步青云一生,240,1001,150,24,1,2001,1,先定一个能达到的小目标，比方说来句签名
493,0,兰花,97,1750,130,10,1,91,1,先定一个能达到的小目标，比方说来句签名
494,0,上官萧枫,0,85,15,0,1,439,1,先定一个能达到的小目标，比方说来句签名
495,0,识途老马,440,692,123,203,1,252,1,先定一个能达到的小目标，比方说来句签名
496,0,用户1917375519323,36,108,52,5,1,498,1,先定一个能达到的小目标，比方说来句签名
497,0,火星撞地球🌍,501,34,95,42,1,674,1,先定一个能达到的小目标，比方说来句签名
498,0,美国人,0,501,27,0,1,354,1,先定一个能达到的小目标，比方说来句签名
499,0,果唯伊水果店,104,306,83,30,1,320,1,本宝宝还没想好
500,0,用户9714088176505,7,95,32,1,1,353,1,先定一个能达到的小目标，比方说来句签名
501,0,胡胡,78,1220,55,4,1,3353,1,先定一个能达到的小目标，比方说来句签名
502,0,已重置,10,1383,45,2,1,466,1,先定一个能达到的小目标，比方说来句签名
503,0,醉相思,119,100,33,19,1,258,1,我只在乎在乎我的人，拼了命我也不会让你输。
504,0,664235736,39,858,60,17,1,1930,1,先定一个能达到的小目标，比方说来句签名
505,0,那年迩笑靥如花5307,495,1289,322,27,1,1111,1,先定一个能达到的小目标，比方说来句签名
506,0,夏天,0,774,38,0,1,5977,1,先定一个能达到的小目标，比方说来句签名
507,0,用户4180614208884,2897,3661,1133,125,1,950,1,一个男人如果没有健康的身体，再厉害都是浮云，女人一定要把自己的身材保养好，身体才是自己的，
508,0,华沅,0,1074,94,0,1,92,1,先定一个能达到的小目标，比方说来句签名
509,0,用户9866394528521,0,628,20,0,1,42,1,先定一个能达到的小目标，比方说来句签名
510,0,📿྄         颜素 💭,58,345,37,16,1,1190,1,鸟随鸾凤飞腾远，人伴贤良品自高！
511,0,【诚信行天下】,0,2144,129,0,1,846,1,先定一个能达到的小目标，比方说来句签名
512,0,饭团里的钢镚,34,481,42,12,1,1281,1,还没有想到个性签名
513,0,大富豪,17,25,31,12,1,257,1,先定一个能达到的小目标，比方说来句签名
514,0,聚人人企业——专注个人ip打造,34000,4396,16000,119,1,570,1,个人IP打造+社群营销专家
515,0,用户5355225950336马哥,85,263,50,6,1,561,1,先定一个能达到的小目标，比方说来句签名
516,0,华哥,176,567,171,11,1,478,1,先定一个能达到的小目标，比方说来句签名
517,0,M,0,226,61,0,1,293,1,先定一个能达到的小目标，比方说来句签名
518,0,神鹰,104,500,38,12,1,3730,1,保持乐观的心态，好事自然会发生。you must believe.
519,0,吕糊,71,131,46,14,1,1011,1,先定一个能达到的小目标，比方说来句签名
520,0,用户781082051485,0,112,10,0,1,11000,1,先定一个能达到的小目标，比方说来句签名
521,0,美梦成真,158,1483,189,5,1,752,1,贵州民族大学
522,0,文硕,265,4463,257,23,1,3354,1,媳妇是自家的恩人
523,0,鱼儿水中游,89,58,84,10,1,2568,1,先定一个能达到的小目标，比方说来句签名
524,0,清风,0,124,12,0,1,5,1,先定一个能达到的小目标，比方说来句签名
525,0,闪电侠,47,767,36,16,1,25,1,生死有命，富贵在天！
526,0,貔貅,14,8,10,9,1,140,1,先定一个能达到的小目标，比方说来句签名
527,0,用户9105751239716,0,1057,48,0,1,40,1,先定一个能达到的小目标，比方说来句签名
528,0,享受人生,1315,838,878,69,1,1218,1,先定一个能达到的小目标，比方说来句签名
529,0,事隔变迁、故事被光阴重写,16,38,29,1,1,30,1,先定一个能达到的小目标，比方说来句签名
530,0,君哥,11,319,55,1,1,3558,1,先定一个能达到的小目标，比方说来句签名
531,0,梅花♣三弄,0,193,12,0,1,10,1,先定一个能达到的小目标，比方说来句签名
532,0,娟,0,37,7,0,1,56,1,先定一个能达到的小目标，比方说来句签名
533,0,对方正在输入...,28,88,19,4,1,464,1,先定一个能达到的小目标，比方说来句签名
534,0,随缘,14,39,5,6,1,140,1,先定一个能达到的小目标，比方说来句签名
535,0,大风车,0,968,23,0,1,913,1,先定一个能达到的小目标，比方说来句签名
536,0,兰兰,169,179,31,21,1,501,1,因为遇见你所以一路前行
537,0,用户4040489205359,0,1375,65,0,1,256,1,先定一个能达到的小目标，比方说来句签名
538,0,手机用户17025618432,21,1192,40,4,1,76,1,先定一个能达到的小目标，比方说来句签名
539,0,尼古拉斯阿嚏,247,252,72,12,1,80,1,先定一个能达到的小目标，比方说来句签名
540,0,会飞的鱼:13603717534,59,2564,157,17,1,1277,1,先定一个能达到的小目标，比方说来句签名
541,0,花开花落。,0,170,1,1,1,415,1,先定一个能达到的小目标，比方说来句签名
542,0,:P无@(・●・)@所谓,32,254,53,5,1,1009,1,先定一个能达到的小目标，比方说来句签名
543,0,杰杰倾城之恋,0,141,11,0,1,1654,1,先定一个能达到的小目标，比方说来句签名
544,0,阿木追梦人,0,114,64,0,1,234,1,先定一个能达到的小目标，比方说来句签名
545,0,赞丹,95,433,84,16,1,7899,1,先定一个能达到的小目标，比方说来句签名
546,0,啊！伟耶,23,32,21,6,1,801,1,先定一个能达到的小目标，比方说来句签名
547,0,唯一,16,301,26,1,1,41,1,先定一个能达到的小目标，比方说来句签名
548,0,劝你别善良,1014,130,80,185,1,341,1,好人心善  坏人嘴善em鸡打uFC/XX在宿舍ZZZZZowqis蜘蛛侠@现在
549,0,天高云淡,105,1631,97,15,1,391,1,未来是我属于我们的！
550,0,Vivian,131,501,21,40,1,108,1,先定一个能达到的小目标，比方说来句签名
551,0,乘風雲飛,329,1200,44,193,1,1220,1,笑對人生，隨遇而安
552,0,浩哥,58,2265,101,2,1,1327,1,先定一个能达到的小目标，比方说来句签名
553,0,座右铭,4748,63,323,57,1,168,1,先定一个能达到的小目标，比方说来句签名
554,0,太阳,0,111,33,0,1,385,1,先定一个能达到的小目标，比方说来句签名
555,0,用户1227747795481,0,1133,23,0,1,36,1,先定一个能达到的小目标，比方说来句签名
556,0,灿烂人生,139,125,49,12,1,57,1,知足常乐
557,0,晓@梅,95,86,54,11,1,280,1,先定一个能达到的小目标，比方说来句签名
558,0,正儿八经,132,269,42,28,1,82,1,先定一个能达到的小目标，比方说来句签名
559,0,高度,159,117,54,34,1,239,1,先定一个能达到的小目标，比方说来句签名
560,0,衡水市汽车摩托车运动协会,7150,86,1147,46,1,590,1,衡水市汽车摩托车运动协会简称：衡水汽摩❤️         ❤️        ❤️协会秉承着以车会友的宗旨公益救援：电瓶搭火、雨季车辆脱困 、自驾游等👇     👇      👇 （珍爱生命 文明驾驶）拒绝马路飙车、赛道真英雄
561,0,随缘,34,290,31,3,1,48,1,先定一个能达到的小目标，比方说来句签名
562,0,用户6887773097613,0,145,18,0,1,343,1,先定一个能达到的小目标，比方说来句签名
563,0,二劲,0,155,32,0,1,169,1,先定一个能达到的小目标，比方说来句签名
564,0,答案2656,0,50,6,0,1,30,1,也没有了
565,0,Y  Y,16,181,23,1,1,584,1,先定一个能达到的小目标，比方说来句签名
566,0,再爱我一次❤️绝不辜负,99,26,88,25,1,8345,1,先定一个能达到的小目标，比方说来句签名
567,0,已重置,61,0,0,0,1,321,1,先定一个能达到的小目标，比方说来句签名
568,0,梦里寻她千百度,495,597,107,62,1,1059,1,你想要的，岁月会给你。
569,0,新疆,0,3828,29,0,1,2887,1,先定一个能达到的小目标，比方说来句签名
570,0,劫缘,1228,4210,480,72,1,391,1,人生为棋，我愿为卒，行动虽慢，可谁曾见我后退一步。
571,0,zhao,71,119,36,6,1,272,1,先定一个能达到的小目标，比方说来句签名
572,0,五羊租车@管涛,1833,1443,485,22,1,303,1,先定一个能达到的小目标，比方说来句签名
573,0,DJ To Ni,718,101,120,120,1,568,1,老婆！余生一生一世守护你！
574,0,Kxy,0,346,22,0,1,895,1,先定一个能达到的小目标，比方说来句签名
575,0,五少,0,107,16,0,1,328,1,喜欢大自然的山山水水
576,0,粟子,0,1976,109,0,1,435,1,先定一个能达到的小目标，比方说来句签名
577,0,皮皮虾,80,77,66,19,1,109,1,多一点关爱 少点孤单
578,0,紫紫,0,502,35,0,1,905,1,先定一个能达到的小目标，比方说来句签名
579,0,无界无边,34,141,24,18,1,94,1,先定一个能达到的小目标，比方说来句签名
580,0,007,55,159,20,5,1,2527,1,先定一个能达到的小目标，比方说来句签名
581,0,数钱的,486,218,161,75,1,3957,1,记住快乐一刻
582,0,用户2723962075611,0,116,0,0,1,29,1,先定一个能达到的小目标，比方说来句签名
583,0,老虎,2062,1036,564,43,1,10000,1,健康即是福！
584,0,꧁꫞꯭创꯭造꯭自꯭我꯭꫞꧂,0,1105,72,0,1,2455,1,先定一个能达到的小目标，比方说来句签名
585,0,珍妮,0,69,7,0,1,6,1,先定一个能达到的小目标，比方说来句签名
586,0,大海啊！我的故乡！！,0,192,7,0,1,37,1,先定一个能达到的小目标，比方说来句签名
587,0,快乐每一天,86,255,41,7,1,170,1,先定一个能达到的小目标，比方说来句签名
588,0,用户3355167753123,0,69,0,0,1,3,1,先定一个能达到的小目标，比方说来句签名
589,0,梅川酷纸,0,92,1,0,1,3,1,先定一个能达到的小目标，比方说来句签名
590,0,佐卿Sara,1,229,13,1,1,574,1,先定一个能达到的小目标，比方说来句签名
591,0,13782369667,21,167,40,1,1,309,1,先定一个能达到的小目标，比方说来句签名
592,0,随&风,41,129,17,12,1,4,1,先定一个能达到的小目标，比方说来句签名
593,0,东方,205,4908,192,41,1,27000,1,弱水三千只取一瓢
594,0,飞翔,6,234,63,1,1,265,1,先定一个能达到的小目标，比方说来句签名
595,0,用户852793703,0,65,18,0,1,260,1,先定一个能达到的小目标，比方说来句签名
596,0,小强,48,4991,285,1,1,7571,1,先定一个能达到的小目标，比方说来句签名
597,0,宝爷,0,74,1,0,1,5,1,先定一个能达到的小目标，比方说来句签名
598,0,相思红豆,0,42,124,0,1,43,1,先定一个能达到的小目标，比方说来句签名
599,0,你开心就好💋,2430,859,165,107,1,12000,1,愿你好：[猪头]ིྀ
600,0,栗金美,18,47,17,1,1,4267,1,先定一个能达到的小目标，比方说来句签名
601,0,谁,110,1073,130,19,1,145,1,先定一个能达到的小目标，比方说来句签名
602,0,灵历雅.☀,147,765,72,26,1,2689,1,先定一个能达到的小目标，比方说来句签名
603,0,云水禅心,2,112,23,3,1,12,1,先定一个能达到的小目标，比方说来句签名
604,0,用户5603319596414,20,857,33,1,1,21000,1,先定一个能达到的小目标，比方说来句签名
605,0,卖车阿丹13676578068,0,300,71,0,1,1171,1,先定一个能达到的小目标，比方说来句签名
606,0,yf剑客,63,2277,89,7,1,547,1,先定一个能达到的小目标，比方说来句签名
607,0,朱雪峰,13,248,5,2,1,349,1,先定一个能达到的小目标，比方说来句签名
608,0,高山流水,463,1586,219,36,1,350,1,先定一个能达到的小目标，比方说来句签名
609,0,阿卷去死,0,79,37,0,1,157,1,骄傲的人生不需要解释
610,0,玥铭,0,37,33,0,1,123,1,先定一个能达到的小目标，比方说来句签名
611,0,㏑,0,3525,32,0,1,860,1,先定一个能达到的小目标，比方说来句签名
612,0,丁子瑞,32,762,57,2,1,3087,1,丁子瑞
613,0,一朝瓜皮走天下,0,948,1,0,1,3030,1,先定一个能达到的小目标，比方说来句签名
614,0,意中人,142,38,22,25,1,796,1,先定一个能达到的小目标，比方说来句签名
615,0,用户2143409534801,0,24,7,0,1,20,1,先定一个能达到的小目标，比方说来句签名
616,0,勇往直前,1703,106,236,41,1,2511,1,生命在于运动，生活取决太度！
617,0,東 子🌕相遇最美🌙,561,2403,71,200,1,1629,1,热爱生活，旅行和摄影
618,0,用户1001206765539,0,46,0,0,1,26,1,先定一个能达到的小目标，比方说来句签名
619,0,user8926666035415,8,37,8,4,1,162,1,先定一个能达到的小目标，比方说来句签名
620,0,Smile,7,37,39,3,1,1815,1,无论爱情还是友情，处久不厌才是真情
621,0,一路顺风,28,11,54,4,1,432,1,先定一个能达到的小目标，比方说来句签名
622,0,日落西山，你不陪你，东山再起，你是谁？,1271,5078,546,28,1,6788,1,先定一个能达到的小目标，比方说来句签名
623,0,泰州市瑞博自动化,565,54,92,161,1,158,1,做一个敢拼，敢闯有责任的人
624,0,用户8440085410938,5,227,11,3,1,692,1,先定一个能达到的小目标，比方说来句签名
625,0,浪迹天涯,0,3709,849,0,1,22000,1,先定一个能达到的小目标，比方说来句签名
626,0,claud,9,159,44,4,1,673,1,先定一个能达到的小目标，比方说来句签名
627,0,爱因思念,0,25,1,0,1,7,1,先定一个能达到的小目标，比方说来句签名
628,0,Star 皆空,0,624,43,0,1,613,1,学会处事，通晓人性，一台车，一支烟，做一个佛系之人。
629,0,尽,9,54,10,13,1,685,1,先定一个能达到的小目标，比方说来句签名
630,0,丰子,182,987,671,3,1,5269,1,缘来我惜：缘去我弃⋯
631,0,宋song,63,1424,1027,17,1,3138,1,微65525108
632,0,＋,64,258,35,4,1,1658,1,先定一个能达到的小目标，比方说来句签名
633,0,用户3634805207616,0,124,0,0,1,19,1,先定一个能达到的小目标，比方说来句签名
634,0,罗刚,48,1374,214,1,1,23,1,笑看人生永不言悔
635,0,用户8961250812011,0,70,0,0,1,4,1,先定一个能达到的小目标，比方说来句签名
636,0,走在路上的人,34,880,225,3,1,566,1,先定一个能达到的小目标，比方说来句签名
637,0,快乐家,334,577,102,35,1,8272,1,让我们去拥抱阳光，做一个正能量的人！素材来自网络，如有打扰请联系删除，感谢！
638,0,淘米水,0,1270,24,0,1,1139,1,先定一个能达到的小目标，比方说来句签名
639,0,奋斗150946908,18,27,14,4,1,1302,1,先定一个能达到的小目标，比方说来句签名
640,0,用户856904523772,0,917,5,0,1,283,1,先定一个能达到的小目标，比方说来句签名
641,0,绿之源汽车租赁,0,1518,43,0,1,436,1,先定一个能达到的小目标，比方说来句签名
642,0,春暖花开,259,1658,311,0,1,13000,1,先定一个能达到的小目标，比方说来句签名
643,0,eden,0,1084,24,0,1,1291,1,先定一个能达到的小目标，比方说来句签名
644,0,用户157422,84,699,146,8,1,1580,1,每天活的开心，用真心去待人！
645,0,用户9426468921021,49,760,35,5,1,510,1,先定一个能达到的小目标，比方说来句签名
646,0,黄春霞,652,1323,291,44,1,393,1,护士
647,0,随风奔跑,14,668,16,4,1,731,1,先定一个能达到的小目标，比方说来句签名
648,0,枫桥   夜  泊,9,483,31,1,1,8554,1,天道酬勤
649,0,順達,217,1612,313,9,1,6134,1,天下熙熙皆为利来，天下攘攘皆为利往。
650,0,STONE、,9,218,21,1,1,82,1,先定一个能达到的小目标，比方说来句签名
651,0,@曹先森🇨🇳,375,1766,82,67,1,36000,1,先定一个能达到的小目标，比方说来句签名
652,0,正能量,2142,419,168,10,1,1014,1,我的青春在警营
653,0,宇,0,233,303,0,1,254,1,抖音pick计划，欢迎优质主播加入！
654,0,SHENGUAN,0,39,8,0,1,82,1,先定一个能达到的小目标，比方说来句签名
655,0,幸福美满小龄,929,992,310,52,1,250,1,先定一个能达到的小目标，比方说来句签名
656,0,叶狼,0,24,1,0,1,1,1,哈萨克族
657,0,用户110703048493,0,345,2,0,1,23,1,先定一个能达到的小目标，比方说来句签名
658,0,付先森♛吖,9,25,8,2,1,228,1,先定一个能达到的小目标，比方说来句签名
659,0,平安是福,59,48,26,5,1,42,1,先定一个能达到的小目标，比方说来句签名
660,0,用户6870341939761,18,38,23,7,1,393,1,火~炎~焱
661,0,醉酒当歌,55,259,8,18,1,89,1,先定一个能达到的小目标，比方说来句签名
662,0,Yu_XiaN,81,567,82,3,1,195,1,V:13592521457
663,0,꧁༺踩着白云踏看天空༻꧂,4,27,10,2,1,48,1,先定一个能达到的小目标，比方说来句签名
664,0,军魂的影,133000,533,7994,93,1,542,1,因为有了爱，世界更精彩！
665,0,0066,0,418,23,0,1,68,1,先定一个能达到的小目标，比方说来句签名
666,0,异度,24,350,34,2,1,1098,1,人不可有傲气，但不可无傲骨！爱你！
667,0,爱的天使,44,168,52,5,1,822,1,单身贵族有一对可爱儿女，希望我未来的她早点出现，让我们共同相守一生！幸福经营我们的小事业！🤓🤓🤗🤗🤗
668,0,Andy515919,0,56,0,0,1,31,1,先定一个能达到的小目标，比方说来句签名
669,0,A觉醒之眼,0,119,4,0,1,2985,1,先定一个能达到的小目标，比方说来句签名
670,0,不二,97,313,117,4,1,263,1,先定一个能达到的小目标，比方说来句签名
671,0,平凡的岁月,349,1739,316,2,1,6044,1,驻村我和你
672,0,用户905051,8785,3559,1798,75,1,901,1,先定一个能达到的小目标，比方说来句签名
673,0,子浩,0,137,32,0,1,967,1,先定一个能达到的小目标，比方说来句签名
674,0,铁匠,0,39,7,0,1,32,1,先定一个能达到的小目标，比方说来句签名
675,0,哈啰先生,29,442,29,4,1,731,1,简简单单生活菜
676,0,海口自由人,0,17,4,0,1,17,1,先定一个能达到的小目标，比方说来句签名
677,0,荒途孤影,350,99,120,27,1,4869,1,先定一个能达到的小目标，比方说来句签名
678,0,溜达溜达,0,1197,17,0,1,4,1,先定一个能达到的小目标，比方说来句签名
679,0,心态,0,70,1,0,1,205,1,先定一个能达到的小目标，比方说来句签名
680,0,&恢铯烟圈%,0,13,15,0,1,43,1,先定一个能达到的小目标，比方说来句签名
681,0,我心飞翔,0,416,19,0,1,181,1,先定一个能达到的小目标，比方说来句签名
682,0,可能否,0,22,7,0,1,429,1,先定一个能达到的小目标，比方说来句签名
683,0,用户5975207696027,61,461,15,24,1,239,1,♡你不来我不老♡
684,0,Yashar Dolkun,2,85,3,1,1,65,1,先定一个能达到的小目标，比方说来句签名
